 119  124  115   24  117  126  131   26  129  162  187   28  467  460  207   30  473  500  209   32  509  502  211   34  997 1022  213   36 1039 1050  215   38 1071 1058  217   40 1061  220   47   42   45 
 114   23  118  125  132   25  128  161  186   27  466  459  206   29  472  499  208   31  510  501  210   33  996 1021  212   35 1038 1049  214   37 1092 1057  216   39 1070 1059  218   41   44  221   48 
 123  120  133  116  127  138  147  130  163  188  205  468  471  476  461  474  511  498  505  508  995 1020  503  998 1037 1048 1023 1040 1121 1056 1051 1108 1091 1072 1083 1062 1069 1060  219   46   43 
  22  113  122  137  146  151  164  185  160  465  458  477  462  469  512  497  506  725  994 1019  504  999 1036 1047 1024 1041 1142 1055 1052 1127 1120 1093 1084 1107 1090 1073 1082 1063 1068   49  222 
 121  134  141  150  139  148  159  166  189  204  463  470  513  496  475  724  795  792  507 1000 1035 1018 1025 1042 1157 1150 1053 1128 1141 1122 1109 1126 1119 1094 1085 1106 1089 1074 1081 1064 1067 
 112   21  136  145  152  165  184  203  464  457  514  495  478  667  728  793  726  993 1028 1017 1026 1043 1200 1153 1046 1143 1158 1149 1054 1129 1140 1123 1110 1125 1112 1095 1086 1103 1066  223   50 
 135  142  153  140  149  158  167  190  515  494  479  666  605  720  723  796  791  794 1001 1034 1201 1154 1045 1156 1199 1272 1151 1144 1159 1182 1147 1130 1139 1118 1105 1088 1113 1096 1075 1080 1065 
  20  111  144  157  168  183  202  481  456  551  604  721  668  729  718  727  992 1029 1016 1027 1044 1337 1202 1357 1152 1285 1198 1271 1148 1145 1160 1181 1124 1111 1132 1117 1104 1087 1102   51  224 
 143  154  169  176  193  174  191  516  493  480  665  606  719  722  797  790  831 1002 1033 1338 1203 1356 1155 1336 1367 1358 1273 1284 1197 1270 1183 1146 1131 1138 1163 1114 1133 1116 1097 1076 1079 
 110   19  156  173  182  201  482  455  552  603  550  669  730  717  830  991 1030 1015 1204 1355 1340 1393 1368 1363 1360 1335 1286 1269 1274 1283 1196 1161 1180 1173 1134 1137 1164 1101 1078  225   52 
 155  170  177  194  175  192  517  492  549  670  607  664  709  798  789  832 1003 1032 1339 1392 1369 1364 1361 1552 1413 1366 1359 1334 1287 1268 1275 1184 1195 1162 1179 1172 1115 1136 1165 1098 1077 
  18  109  172  181  200  483  454  553  602  663  708  731  716  829  990 1031 1014 1205 1354 1341 1394 1555 1412 1365 1362 1559 1414 1425 1282 1333 1194 1267 1276 1185 1174 1135 1178 1171 1100   53  226 
 171  178  195  484  453  518  491  548  671  608  715  710  799  788  833 1004 1353 1342 1391 1370 1411 1396 1553 1566 1551 1424 1427 1560 1415 1288 1281 1332 1193 1266 1277 1186 1175 1166 1177 1168 1099 
 108   17  180  199  490  547  554  601  662  707  732  787  834  989  828 1013 1206 1351 1374 1395 1554 1571 1556 1549 1558 1565 1576 1423 1426 1429 1416 1289 1280 1331 1192 1265 1278 1187 1170  227   54 
 179  196  485  452  519  600  617  672  609  714  711  800  827  838 1005 1352 1343 1390 1371 1410 1397 1548 1567 1572 1615 1550 1561 1428 1579 1422 1463 1430 1417 1290 1279 1330 1191 1176 1167 1188 1169 
  16  107  198  489  546  555  610  661  706  733  786  713  988  835 1012 1207 1350 1375 1398 1373 1570 1647 1654 1557 1564 1575 1614 1577 1562 1483 1580 1421 1462 1431 1418 1291 1264 1329 1190   55  228 
 197  486  451  520  599  616  673  618  771  712  801  826  839 1006  837 1344 1389 1372 1409 1648 1547 1568 1573 1646 1655 1616 1563 1584 1587 1578 1485 1464 1529 1420 1461 1432 1327 1292 1263 1294 1189 
 106   15  488  545  556  611  660  705  734  785  772  987  836 1011 1208 1349 1376 1399 1546 1569 1650 1657 1676 1653 1574 1645 1586 1613 1484 1583 1482 1581 1486 1465 1480 1419 1460 1433 1328  229   56 
 487  450  521  598  615  674  619  770  703  802  825  840 1007 1348 1009 1388 1345 1408 1649 1658 1677 1672 1651 1656 1675 1612 1617 1590 1585 1588 1523 1528 1481 1530 1469 1458 1435 1326 1293 1262 1295 
  14  105  544  557  612  659  704  735  784  773  986  823 1010 1209 1346 1377 1400 1545 1406 1671 1660 1669 1674 1679 1652 1641 1644 1611 1618 1591 1582 1533 1524 1487 1466 1479 1468 1459 1434   57  230 
 449  522  597  614  675  620  769  702  803  824  841  948 1347 1008 1387 1214 1407 1634 1659 1668 1673 1678 1661 1642 1663 1680 1621 1640 1589 1534 1527 1522 1531 1478 1519 1470 1457 1436 1325 1296 1261 
 104   13  558  543  658  613  736  783  774  843  822  985 1210 1215 1378 1401 1544 1405 1630 1635 1670 1667 1664 1681 1622 1643 1610 1619 1592 1601 1532 1525 1520 1471 1488 1467 1476 1297 1260  231   58 
 523  448  587  596  621  676  701  768  821  804  947  842  949 1382 1213 1386 1379 1628 1633 1666 1631 1624 1637 1662 1609 1620 1639 1602 1535 1526 1521 1498 1489 1518 1477 1456 1437 1324 1243 1258 1245 
  12  103  542  559  588  657  766  737  782  775  844  819  984 1211 1216 1381 1402 1543 1404 1629 1636 1665 1608 1623 1638 1603 1536 1593 1600 1499 1490 1517 1472 1455 1438 1475 1298 1259 1246   59  232 
 447  524  561  586  595  622  677  700  767  820  805  946  943  950 1383 1212 1385 1380 1627 1632 1607 1596 1625 1604 1537 1594 1599 1500 1491 1516 1497 1454 1439 1474 1299 1254 1323 1242 1257 1244  967 
 102   11  446  541  560  589  656  765  738  781  776  845  818  983  944 1217 1506 1403 1542 1509 1626 1605 1540 1595 1598 1501 1538 1515 1496 1453 1440 1473 1300 1253 1322 1241 1256 1247  968  233   60 
 431  414  525  562  585  594  623  678  699  764  739  806  945  942  951 1384 1309 1218 1507 1606 1541 1510 1597 1502 1539 1514 1495 1452 1441 1492 1301 1252 1321 1240 1255 1248  969  910  899  966  335 
  10  101  432  445  540  569  590  655  624  679  780  777  846  817  982  941  980 1505 1310 1511 1508 1503 1448 1513 1314 1451 1442 1493 1302 1251 1320 1239  962 1249  970  911  900  965  336   61  234 
 415  430  413  526  563  584  593  570  591  698  763  740  807  778  847  952 1219 1308 1231 1504 1447 1512 1313 1450 1443 1494 1303 1226 1319 1238  961 1250  971  912  901  964  909  898  863  334  337 
 100    9  416  433  444  539  568  583  654  625  680  779  762  741  816  981  940  979 1446 1311 1232 1449 1444 1315 1304 1227 1318 1237  960  905  972  913  902  963  908  897  864  341  344  235   62 
 403  388  429  412  527  564  571  592  627  642  697  742  681  808  923  848  953 1220 1307 1230 1445 1312 1305 1228 1317 1236 1225  932  973  914  903  878  907  896  865  342  345  862  333  338  313 
   8   99  404  417  434  443  538  567  582  653  626  643  696  761  744  815  924  939  978 1233 1306 1229 1316 1235 1224  933  974  959  904  931  906  895  866  879  360  861  340  343  314   63  236 
 389  402  387  428  411  528  565  572  537  628  641  652  743  682  809  922  849  954 1221  936  977 1234 1223  934  975  958  891  930  915  894  877  880  361  860  867  346  315  332  339  312  281 
  98    7  390  405  418  435  442  529  566  581  644  637  684  695  760  745  814  925  938  955 1222  935  976  957  890  929  916  893  876  881  362  859  868  359  316  331  298  311  282  237   64 
 379   94  401  386  427  410  423  436  573  536  629  640  651  638  683  810  921  850  887  926  937  956  889  928  917  892  875  882  363  858  869  358  317  330  347  310  283  270  299  280  261 
   6   97  380  391  406  419  426  441  530  439  580  645  636  685  694  759  746  813  920  851  888  927  918  855  874  883  364  857  870  357  318  329  348  309  286  297  300  279  262   65  238 
  95  378   93  400  385  424  409  422  437  574  535  630  639  650  647  688  811  758  747  886  919  854  873  884  365  856  871  356  319  328  349  308  287  296  301  278  269  284  271  260  247 
  92    5   96  381  392  407  420  425  440  531  438  579  646  635  686  693  648  689  812  755  852  885  366  753  872  355  320  327  350  307  288  295  302  277  268  285  272  263  248  239   66 
  87    2  377   90  399  384  393  408  421  396  575  534  631  578  649  634  687  692  757  748  751  754  853  354  323  326  351  306  291  294  303  276  267  256  273  264  253  242  259  246  249 
   4   91   88   85  382  375  398   83  394  373  532   81  576  371  632   79  690  369  750   77  756  367  752   75  352  321  324   73  304  289  292   71  274  265  254   69  258  251  244   67  240 
   1   86    3  376   89   84  383  374  397   82  395  372  533   80  577  370  633   78  691  368  749   76  353  322  325   74  305  290  293   72  275  266  255   70  257  252  243   68  241  250  245 
