 108   19  320  317  110   21  322  331  112   23  382  391  114   25  190  485  116   27  186  173  118   29  150  155  120   31  134  137  122   33  126  129 
 319  316  109   20  321  330  111   22  381  390  113   24  393  486  115   26  191  484  117   28  185  172  119   30  149  136  121   32  133  128  123   34 
  18  107  318  329  334  323  376  385  332  383  392  409  510  189  488  507  558  187  192  483  174  151  156  171  154  141  148  135  138  125  130  127 
 315  326  335  324  375  368  333  380  389  408  511  394  487  508  559  188  489  506  563  184  193  482  175  152  157  170  159  140  143  132   35  124 
 106   17  328  367  336  377  386  397  384  395  410  509  526  691  554  561  568  557  490  505  564  183  194  481  176  153  142  147  160  139  144  131 
 327  314  325  374  369  398  379  388  407  512  525  690  553  560  569  760  555  562  567  572  491  504  565  182  169  158  177  164  167  146  161   36 
  16  105  366  337  378  387  406  421  396  411  552  527  692  761  724  773  570  759  556  597  566  573  492  195  480  181  168  197  178  163  166  145 
 313  338  373  370  401  414  399  412  513  524  689  726  723  774  837  762  841  772  571  758  585  596  503  574  493  196  479  180  165  198   37  162 
 104   15  340  365  372  405  420  523  422  551  528  693  836  725  842  839  868  763  874  771  598  757  584  587  502  575  494  499  478  179  496  199 
 339  312  371  402  415  400  413  514  529  688  727  722  775  838  867  844  889  840  869  764  875  586  595  600  583  588  501  576  495  498  477   38 
  14  103  364  341  404  419  522  423  550  721  694  835  818  843  890  939  870  927  888  873  770  599  756  767  594  601  582  589  500  577  200  497 
 311  342  403  416  517  424  515  530  687  728  817  776  849  866  845  928  937  940  871  926  765  876  769  752  755  748  593  602  581  590   39  476 
 102   13  344  363  418  521  686  549  720  695  834  819  846  891  938  941  974  929  936  887  872  925  766  877  768  751  754  749  592  475  578  201 
 343  310  417  518  425  516  531  696  729  816  777  850  865  848  973 1002  953  942  999  930  935  886  933  922  753  878  747  628  603  580  591   40 
  12  101  362  345  520  685  548  719  778  833  820  847  892  863  954  975 1008 1001  952  943  998  931  924  885  914  921  750  879  474  627  202  579 
 309  346  519  426  547  532  697  730  815  794  851  864  853  972 1005 1010 1003 1024 1007 1000  951  934  989  932  923  884  915  746  629  604   41  472 
 100   11  348  361  684  545  718  779  796  821  832  893  862  955  976 1021 1006 1009  994 1017  944  997  950  917  946  913  920  605  880  473  626  203 
 347  308  427  546  533  648  731  698  793  814  795  852  957  854  971 1004 1011 1020 1023  996  993  990  945  988  919  916  883  630  745  462  471   42 
  10   99  360  349  544  683  700  717  780  797  822  831  894  861  956  977 1022  995 1016  991 1018  985  918  949  912  947  606  881  470  625  204  461 
 307  350  537  428  647  534  649  732  699  792  813  810  855  958  895  970 1015 1012 1019  984  965  992  987  982  901  882  631  744  463  608   43  468 
  98    9  306  359  536  543  682  701  716  781  798  823  830  811  860  959  978  969  964 1013  986  983  902  911  948  743  664  607  624  469  460  205 
 287   94  351  538  429  646  535  650  733  800  791  812  809  856  829  896  963 1014  979  966  903  910  981  900  665  632  623  464  609  444  467   44 
   8   97  288  305  358  651  542  681  702  715  782  799  824  805  960  859  968  897  962  909  980  899  666  633  742  663  610  445  466  459  206  269 
  95  286   93  352  539  430  645  704  653  734  801  790  803  808  857  828  961  908  967  898  667  904  741  662  611  622  465  458  443  270   45  254 
  92    7   96  289  304  357  652  541  680  703  714  783  806  825  804  907  858  827  668  905  740  661  612  621  634  457  442  271  446  255  268  207 
  85   72  285   90  353  540  431  644  705  654  735  802  789  784  807  826  669  906  739  660  613  620  635  456  441  272  447  256  267  240  253   46 
   6   91   86   83  290  303  356  299  432  679  708  713  736  675  788  785  738  659  670  619  636  455  614  273  448  257  266  241  252  231  208  221 
  73   84   71  284   89  354  291  302  643  706  655  676  709  712  737  674  787  618  637  454  615  274  449  440  265  242  251  258  239  222   47  232 
  70    5   74   87   82  283  300  355  298  433  678  707  656  673  786  711  658  671  616  275  450  439  264  243  250  259  238  223  230  233  220  209 
  65    2   63   68   77   88   81  292  301  642  295  434  677  710  657  672  617  638  453  438  263  246  249  260  237  226  229  234  219  212  215   48 
   4   69   66   75   62   79  282  297   60  293  280  641   58  435  278  639   56  437  276  451   54  261  244  247   52  235  224  227   50  217  210  213 
   1   64    3   78   67   76   61   80  281  296   59  294  279  640   57  436  277  452   55  262  245  248   53  236  225  228   51  218  211  214   49  216 
