  68   11  106  111   70   13  102  121   72   15   86   89   74   17   78   81 
 107  110   69   12  105  120   71   14  101   88   73   16   85   80   75   18 
  10   67  108  119  112  103  122  125  170   93  100   87   90   77   82   79 
 109  118  113  104  115  184  169  128  123  126  171   92   95   84   19   76 
  66    9  116  183  168  129  124  185  210  177   94   99  172   91   96   83 
 117   62  131  114  181  186  209  178  127  224  211  176  239   98  173   20 
   8   65  182  167  130  179  188  255  208  251  238  225  212  175  214   97 
  63  132   61  180  187  248  207  250  237  254  223  244  221  240   21  174 
  60    7   64  191  166  189  236  247  256  245  252  241  226  213  148  215 
  53   40  133   58  203  192  249  206  253  234  231  222  243  220  227   22 
   6   59   54   51  190  165  204  235  246  195  242  233  230  149  216  147 
  41   52   39  134   57  202  193  164  205  232  199  158  219  228   23  150 
  38    5   42   55   50  135  162  201  194  155  196  229  198  151  146  217 
  33    2   31   36   45   56   49  138  163  200  159  154  157  218  143   24 
   4   37   34   43   30   47  136  161   28  139  156  197   26  141  152  145 
   1   32    3   46   35   44   29   48  137  160   27  140  153  144   25  142 
