 158   29  672  729  160   31  674  751  162   33  770  783  164   35  846  839  166   37  848  857  168   39  262 1159  170   41  258  265  172   43  254  269  174   45  250  273  176   47  246  233  178   49  210  215  180   51  194  197  182   53  186  189 
 671  728  159   30  673  732  161   32  769  782  163   34  845  838  165   36  847  856  167   38  859 1158  169   40  263 1250  171   42  257 1320  173   44  253 1328  175   46  249  274  177   48  245  232  179   50  209  196  181   52  193  188  183   54 
  28  157  730  733  738  675  750  773  752  771  784  837  808  843  854  867  840  849  858 1157 1164  261 1160 1249 1286  259  264 1319  266  255  268 1327  270  251  272 1329 1358  247 1332  275  234  211  216  231  214  201  208  195  198  185  190  187 
 727  670  737  676  731  734  739  768  781  788  807  844  853  866  841  850  855  870 1087  860 1161 1248 1285  260 1251 1318 1315  256 1487 1326 1321  252 1353 1366 1357  248 1351 1330 1359  244 1333  276  235  212  217  230  219  200  203  192   55  184 
 156   27  726  735  740  749  774  753  772  785  836  809  842  851  868  871  980  861 1156 1165 1086 1163 1252 1287 1314 1557 1500 1317 1322  267 1486 1439 1356  271 1352 1367 1364 1383 1350 1331 1360  243 1334  277  236  213  202  207  220  199  204  191 
 669  736  677  744  725  742  767  780  789  806  787  852  865  872  977  862  869 1088 1085 1162 1247 1284 1263 1556 1501 1316 1323 1628 1499 1488 1325 1354 1485 1438 1365 1384 1421 1368 1363 1382 1349 1336 1361  242  229  218  237  224  227  206  221   56 
  26  155  724  741  748  775  754  795  786  835  810  873  882  863  880  981 1002  979 1166 1155 1262 1253 1288 1313 1558 1629 1644 1599 1324 1627 1498 1489 1440 1355 1484 1437 1424 1385 1420 1369 1362 1381 1348 1335  278  241  228  281  238  223  226  205 
 723  668  745  678  743  766  779  790  805  796  833  864  879  976  999  978 1089 1084 1001 1246 1283 1264 1555 1502 1645 1598 1711 1630 1643 1600 1623 1626 1497 1490 1441 1422 1483 1436 1425 1386 1419 1370 1337 1380 1347 1340  279  240  225  282   57  222 
 154   25  722  747  776  755  794  765  834  811  874  883  900  881  982 1003 1000 1167 1154 1261 1254 1289 1312 1559 1712 1769 1646 1707 1710 1631 1642 1601 1622 1625 1496 1491 1442 1423 1482 1435 1426 1387 1418 1371 1338 1379 1346 1341  280  239 1344  283 
 667  746  679  756  721  778  791  804  797  832  899  878  983  998  975 1090 1083 1256 1245 1282 1265 1554 1503 1768 1597 1714 1709 1772 1647 1706 1649 1624 1633 1602 1621 1604 1481 1492 1443 1454 1479 1434 1427 1388 1417 1372 1339 1378 1345 1342 1375   58 
  24  153  720  777  760  799  764  793  812  875  884  901  974 1069 1004  997 1168 1153 1260 1255 1290 1311 1560 1713 1770 1773 1798 1715 1708 1805 1632 1641 1650 1655 1634 1495 1620 1605 1480 1493 1444 1453 1416 1433 1428 1389 1400 1373 1392 1377  284 1343 
 719  666  757  680  763  792  803  798  831  898  877  984 1005  996 1091 1082 1257 1244 1281 1266 1553 1504 1767 1596 1799 1716 1771 1804 1801 1648 1705 1806 1653 1640 1603 1656 1635 1494 1619 1606 1455 1478 1445 1452 1415 1432 1393 1390 1401 1374   59 1376 
 152   23  718  759  800  761  824  813  876  885  902  973 1068 1081 1070 1169 1152 1259 1308 1291 1310 1561 1762 1717 1774 1797 1800 1815 1812 1803 1820 1651 1704 1807 1654 1639 1684 1657 1636 1477 1618 1451 1456 1475 1446 1429 1414 1399 1394 1391 1402  285 
 665  758  681  762  717  802  821  830  897  972  985 1006  995 1092 1151 1258 1243 1280 1267 1552 1505 1718 1595 1766 1763 1816 1813 1802 1819 1840 1811 2346 1821 1652 1703 1808 1667 1638 1669 1658 1607 1476 1617 1450 1431 1458 1447 1406 1413 1404 1395   60 
  22  151  716  801  820  825  814  823  886  903  994 1067 1080 1071 1170 1275 1268 1307 1292 1309 1562 1761 1720 1775 1796 1765 1818 1841 1814 2345 1844 1839 1810 2347 1822 1685 1702 1683 1666 1637 1670 1659 1608 1457 1474 1449 1430 1459 1398 1407  286 1403 
 715  664  817  682  815  822  829  896  971  986 1007 1072 1093 1150 1079 1242 1279 1276 1551 1506 1719 1594 1793 1764 1817 1848 1795 2344 1845 1842 2377 2568 2361 1838 1809 2348 1823 1668 1687 1682 1665 1616 1473 1660 1609 1460 1471 1448 1405 1412   61 1396 
 150   21  714  819  826  889  906  887  904  993 1066 1117 1078 1171 1274 1269 1306 1293 1278 1563 1760 1721 1776 1849 1794 2343 1846 2385 2378 2569 2388 1843 2376 2567 2360 1837 1686 1701 1824 1671 1688 1681 1664 1615 1472 1661 1610 1411 1462 1397 1408  287 
 663  818  683  816  713  828  895  970  987 1008 1073 1094 1149 1118 1241 1294 1277 1550 1507 1586 1593 1792 1759 1982 1847 2384 2379 2570 2389 2386 2581 2566 2587 2362 2375 2364 2349 1836 2285 1700 1825 1672 1689 1680 1663 1614 1461 1470 1611 1410 1463   62 
  20  149  712  827  890  907  888  905  992 1065 1116 1077 1172 1273 1270 1305 1508 1587 1564 1589 1722 1777 1850 1791 2342 1981 2390 2383 2580 2571 2606 2387 2582 2565 2588 2359 2374 2365 2350 1835 2284 1699 1826 1673 1690 1679 1662 1613 1676 1465  288 1409 
 711  662  891  684  959  894  969  988 1009 1074 1095 1148 1119 1240 1295 1272 1549 1590 1583 1592 1585 1758 1983 1980 2391 2380 2579 2572 2605 2600 2583 2598 2639 2586 2363 2564 2589 2358 2373 2286 2351 1834 2283 1698 1827 1674 1691 1678 1469 1612   63 1464 
 148   19  710  893  908  989  960  991 1064 1115 1076 1173 1296 1271 1516 1509 1304 1565 1588 1723 1778 1851 1790 2341 2522 2573 2382 2601 2578 2651 2638 2607 2584 2597 2640 2591 2416 2563 2366 2357 2372 2287 2352 1833 2282 1697 1828 1675 1692 1677 1466  289 
 661  892  685  958  709  968  955 1010 1075 1096 1147 1120 1239 1510 1303 1548 1515 1582 1591 1584 1757 1984 1979 2392 2381 2602 2577 2650 2637 2604 2599 2654 2661 2642 2585 2596 2561 2590 2415 2418 2367 2356 2371 2288 2353 1832 2281 1696 1829 1468 1693   64 
  18  147  708  909  956  961  990 1063 1114 1121 1174 1297 1146 1517 1514 1573 1566 1547 1724 1779 1852 1789 2340 2521 2574 2523 2636 2603 2652 2681 2668 2643 2608 2655 2660 2641 2592 2417 2562 2541 2414 2419 2368 2355 2280 2289 2296 1831 2278 1695  290 1467 
 707  660  957  686  967  954 1011  964 1097 1220 1145 1238 1511 1302 1567 1546 1725 1572 1581 1756 1985 1978 2393 2338 2621 2576 2649 2696 2669 2644 2653 2682 2667 2662 2609 2656 2595 2560 2593 2538 2485 2370 2413 2420 2301 2354 2279 2290 2175 1830   65 1694 
 146   17  910  941  962  965 1062 1113 1122 1175 1298 1221 1518 1513 1574 1571 1580 1755 1780 1853 1788 2339 2520 2575 2524 2635 2620 2645 2698 2685 2680 2671 2664 2675 2666 2659 2610 2657 2542 2437 2540 2435 2484 2369 2304 2295 2302 2297 2258 2277 2174  291 
 659  706  687  966  953 1012  963 1098 1219 1144 1237 1512 1301 1568 1545 1726 1781 1854 1787 1986 1977 2394 2337 2622 2619 2646 2697 2648 2695 2670 2699 2686 2683 2672 2663 2674 2559 2594 2539 2486 2537 2438 2423 2412 2421 2300 2293 2276 2291 2176 2185   66 
  16  145  940  911  942 1061 1112 1123 1176 1299 1222 1519 1236 1575 1570 1579 1754 1987 1976 2335 2012 2519 2396 2525 2630 2623 2634 2703 2700 2687 2684 2679 2676 2665 2558 2611 2658 2487 2536 2543 2436 2483 2434 2305 2294 2303 2298 2259 2184 2257  292 2173 
 691  658  705  688 1013  952 1099 1180 1143 1218 1177 1300 1569 1544 1727 1782 1855 1786 2011 2332 2395 2336 2527 2618 2625 2704 2647 2694 2633 2702 2677 2688 2557 2612 2673 2488 2535 2544 2431 2482 2439 2424 2411 2422 2299 2260 2275 2292 2177 2186   67 2182 
 144   15  690  939  912  943 1060 1111 1124 1179 1520 1223 1576 1235 1578 1753 1988 1975 2334 2013 2500 2397 2518 2629 2526 2631 2624 2701 2690 2693 2556 2613 2678 2489 2534 2545 2466 2481 2440 2425 2410 2433 2306 2261 2274 2253 2216 2189 2256 2183 2172  293 
 633  692  657  704  689 1014  951 1100 1181 1142 1217 1178 1543 1728 1783 1856 1785 2010 2331 2324 2333 2516 2501 2528 2617 2626 2691 2632 2555 2614 2689 2510 2533 2546 2467 2480 2443 2430 2465 2432 2307 2262 2273 2252 2217 2190 2255 2178 2187 1896 2181   68 
  14  143  634  913  938  915  944 1059 1110 1125 1224 1521 1234 1577 1752 1989 1974 2325 2014 2455 2398 2499 2552 2517 2628 2529 2554 2615 2692 2511 2532 2547 2490 2479 2444 2429 2464 2441 2426 2409 2272 2251 2218 2263 2254 2215 2188 2145 2180 2171  294 1895 
 563  632  693  656  703  946 1015  950 1101 1182 1141 1216 1729 1542 1857 1784 2009 2016 2323 2330 2497 2456 2515 2502 2553 2616 2627 2506 2531 2548 2491 2478 2509 2468 2463 2442 2427 2408 2271 2308 2219 2264 2205 2214 2191 2146 2179 2170 1897 2126   69 1900 
 142   13  564  635  914  937  916  945 1058 1109 1126 1225 1522 1233 1960 1751 1990 1973 2326 2015 2454 2399 2498 2551 2514 2505 2530 2549 2512 2477 2508 2469 2462 2445 2428 2407 2270 2309 2220 2265 2250 2213 2192 2147 2206 2169 2144 2127 2062 1899 1894  295 
 565  562  631  694  655  702  947 1016  949 1102 1183 1140 1215 1730 1541 1858 1961 2008 2017 2322 2329 2496 2457 2474 2503 2550 2513 2476 2507 2492 2461 2448 2313 2406 2269 2310 2221 2266 2249 2212 2193 2204 2207 2168 2143 2128 2063 1898 2125 1882 1901   70 
  12  141  606  653  636  695  936  917 1104 1057 1108 1127 1226 1523 1232 1959 1750 1991 1972 2327 2098 2453 2400 2495 2458 2475 2504 2493 2460 2449 2470 2405 2446 2311 2314 2267 2248 2211 2194 2203 2208 2167 2148 2129 2064 2043 2124 2061 1904 1893  296 1881 
 543  566  561  630  607  654  701  948 1017  918 1103 1184 1139 1214 1731 1540 1859 1962 2007 2018 2321 2328 2099 2452 2473 2494 2459 2450 2471 2404 2447 2312 2315 2268 2247 2222 2195 2202 2209 2166 2149 2130 2065 2142 2123 2060 1905 1890 1883 1902   71 1888 
 140   11  544  605  652  637  696  935  700 1105 1056 1107 1128 1227 1524 1231 1958 1749 1992 1971 2100 2097 2320 2401 2242 2451 2472 2403 2244 2233 2316 2199 2246 2223 2196 2201 2210 2165 2150 2131 2066 2141 2122 2059 2042 1929 2044 1903 1892 1889 1880  297 
 545  542  567  560  629  608  651  638  919 1018 1037 1130 1185 1138 1213 1732 1539 1860 1963 2006 2019 2004 2229 2108 2319 2402 2243 2232 2317 2238 2245 2224 2197 2200 2137 2164 2151 2132 2085 2140 2121 2058 2041 1930 2045 1906 1891 1884 1879  494 1887   72 
  10  139  556  591  604  639  628  697  934  699 1106 1055 1038 1129 1228 1525 1230 1957 1748 1993 1970 2101 2096 2241 2230 2109 2318 2239 2234 2225 2198 2237 2136 2163 2152 2133 2086 2139 2120 2057 2084 2067 2046 1907 1928 1931 1878  495 1886  469  298  443 
 541  546  559  568  557  592  609  650  641  920 1019 1036 1131 1186 1137 1212 1733 1538 1861 1964 2005 2020 2003 2228 2107 2240 2231 2226 2159 2236 2113 2162 2153 2134 2087 2138 2119 2056 2083 2068 2047 2040 1927 1932 1877  496 1885  470  493  444   73  420 
 138    9  540  555  590  603  640  627  698  933  642 1039 1054 1041 1200 1229 1526 1211 1956 1747 1994 1969 2102 2095 2110 2227 2158 2235 2112 2161 2154 2135 2088 2079 2118 2055 2082 2069 2048 2039 1926 1933 1876  497 1908  471  492  445  468  421  442  299 
 521  134  547  558  569  586  593  610  649  626  921 1020 1035 1132 1187 1136 1201 1734 1537 1862 1965 1954 2021 2002 2157 2106 2111 2160 2155 2114 2089 2078 2117 2054 2081 2070 2049 2038 1925 1934 1875  498 1909  472  491  446  467  422  441  398  419   74 
   8  137  522  539  554  589  602  587  600  643  932 1033 1040 1053 1042 1199 1188 1527 1210 1955 1746 1995 1968 2103 2094 2029 2156 2105 2092 2077 2116 2053 2080 2071 2050 2037 1924 1935 1874  499 1910  473  490  447  466  423  440  399  418  381  300  363 
 135  520  133  548  585  570  583  594  611  648  625  922 1021 1034 1133 1052 1135 1202 1735 1536 1863 1966 1953 2022 2001 2104 2093 2076 2115 2090 2033 2072 2051 2036 1923 1936 1873  500 1911  474  489  448  465  424  439  400  417  382  397  364   75  348 
 132    7  136  523  538  553  588  601  624  599  644  931 1032  923 1022 1043 1198 1189 1528 1209 1944 1745 1996 1967 2030 2075 2028 2091 2032 2073 2052 2035 1922 1937 1872  501 1912  475  488  449  464  425  438  401  416  383  396  365  380  349  362  301 
 125  112  519  130  549  584  571  582  595  612  647  622  645  930 1031 1134 1051 1044 1203 1736 1535 1864 1943 1952 2023 2000 2031 2074 2027 2034 1921 1938 1871  502 1913  476  487  450  463  426  437  402  415  384  395  366  379  350  361  334  347   76 
   6  131  126  123  524  537  552  533  572  623  598  615  924 1023  926 1045 1030 1197 1190 1529 1208 1945 1744 1997 1942 1949 2024 1999 1920 1939 2026  503 1914  477  486  451  462  427  436  403  414  385  394  367  378  351  360  335  346  325  302  315 
 113  124  111  518  129  550  525  536  581  596  613  646  621  618  929 1028  927 1050 1207 1204 1737 1534 1865 1948 1951 1998 1919 1940 2025  504 1915 1870  485  452  461  478  435  404  413  428  393  368  377  386  359  336  345  352  333  316   77  326 
 110    5  114  127  122  517  534  551  532  573  616  597  614  925 1024  619 1046 1029 1196 1191 1530 1205 1946 1743 1918 1941 1950  505 1916 1869  484  453  460  479  434  405  412  429  392  369  376  387  358  337  344  353  332  317  324  327  314  303 
 105    2  103  108  117  128  121  526  535  580  529  574  617  620  577  928 1027 1192 1049 1206 1195 1738 1533 1866 1947 1742 1917 1868  483  456  459  480  433  408  411  430  391  372  375  388  357  340  343  354  331  320  323  328  313  306  309   78 
   4  109  106  115  102  119  516  531  100  527  514  579   98  575  512 1025   96 1047  510 1193   94 1531  508 1739   92 1867  506 1741   90  481  454  457   88  431  406  409   86  389  370  373   84  355  338  341   82  329  318  321   80  311  304  307 
   1  104    3  118  107  116  101  120  515  530   99  528  513  578   97  576  511 1026   95 1048  509 1194   93 1532  507 1740   91  482  455  458   89  432  407  410   87  390  371  374   85  356  339  342   83  330  319  322   81  312  305  308   79  310 
